Time: 0
Waiting clients:  (1,33,7)  (2,10,1)  (3,13,6)  (4,21,7)  (5,18,6)  (6,36,1)  (7,14,6)  (8,7,1)  (9,20,7)  (10,38,7)  (11,17,7)  (12,27,2)  (13,15,7)  (14,6,2)  (15,12,3)  (16,5,4)  (17,34,4)  (18,23,6)  (19,18,4)  (20,24,3)  (21,36,6)  (22,11,1)  (23,9,1)  (24,29,6)  (25,7,4)  (26,15,2)  (27,34,5)  (28,21,6)  (29,37,4)  (30,18,6)  (31,30,5)  (32,19,7)  (33,26,5)  (34,13,5)  (35,19,3)  (36,27,6)  (37,32,5)  (38,19,5)  (39,13,7)  (40,7,5)  (41,29,6)  (42,36,3)  (43,18,2)  (44,21,1)  (45,35,2)  (46,31,2)  (47,13,3)  (48,26,1)  (49,22,4)  (50,35,4) 
Queue 1: closed
Queue 2: closed
Queue 3: closed
Queue 4: closed
Queue 5: closed
Time: 1
Waiting clients:  (1,33,7)  (2,10,1)  (3,13,6)  (4,21,7)  (5,18,6)  (6,36,1)  (7,14,6)  (8,7,1)  (9,20,7)  (10,38,7)  (11,17,7)  (12,27,2)  (13,15,7)  (14,6,2)  (15,12,3)  (16,5,4)  (17,34,4)  (18,23,6)  (19,18,4)  (20,24,3)  (21,36,6)  (22,11,1)  (23,9,1)  (24,29,6)  (25,7,4)  (26,15,2)  (27,34,5)  (28,21,6)  (29,37,4)  (30,18,6)  (31,30,5)  (32,19,7)  (33,26,5)  (34,13,5)  (35,19,3)  (36,27,6)  (37,32,5)  (38,19,5)  (39,13,7)  (40,7,5)  (41,29,6)  (42,36,3)  (43,18,2)  (44,21,1)  (45,35,2)  (46,31,2)  (47,13,3)  (48,26,1)  (49,22,4)  (50,35,4) 
Queue 1: closed
Queue 2: closed
Queue 3: closed
Queue 4: closed
Queue 5: closed
Time: 2
Waiting clients:  (1,33,7)  (2,10,1)  (3,13,6)  (4,21,7)  (5,18,6)  (6,36,1)  (7,14,6)  (8,7,1)  (9,20,7)  (10,38,7)  (11,17,7)  (12,27,2)  (13,15,7)  (14,6,2)  (15,12,3)  (16,5,4)  (17,34,4)  (18,23,6)  (19,18,4)  (20,24,3)  (21,36,6)  (22,11,1)  (23,9,1)  (24,29,6)  (25,7,4)  (26,15,2)  (27,34,5)  (28,21,6)  (29,37,4)  (30,18,6)  (31,30,5)  (32,19,7)  (33,26,5)  (34,13,5)  (35,19,3)  (36,27,6)  (37,32,5)  (38,19,5)  (39,13,7)  (40,7,5)  (41,29,6)  (42,36,3)  (43,18,2)  (44,21,1)  (45,35,2)  (46,31,2)  (47,13,3)  (48,26,1)  (49,22,4)  (50,35,4) 
Queue 1: closed
Queue 2: closed
Queue 3: closed
Queue 4: closed
Queue 5: closed
Time: 3
Waiting clients:  (1,33,7)  (2,10,1)  (3,13,6)  (4,21,7)  (5,18,6)  (6,36,1)  (7,14,6)  (8,7,1)  (9,20,7)  (10,38,7)  (11,17,7)  (12,27,2)  (13,15,7)  (14,6,2)  (15,12,3)  (16,5,4)  (17,34,4)  (18,23,6)  (19,18,4)  (20,24,3)  (21,36,6)  (22,11,1)  (23,9,1)  (24,29,6)  (25,7,4)  (26,15,2)  (27,34,5)  (28,21,6)  (29,37,4)  (30,18,6)  (31,30,5)  (32,19,7)  (33,26,5)  (34,13,5)  (35,19,3)  (36,27,6)  (37,32,5)  (38,19,5)  (39,13,7)  (40,7,5)  (41,29,6)  (42,36,3)  (43,18,2)  (44,21,1)  (45,35,2)  (46,31,2)  (47,13,3)  (48,26,1)  (49,22,4)  (50,35,4) 
Queue 1: closed
Queue 2: closed
Queue 3: closed
Queue 4: closed
Queue 5: closed
Time: 4
Waiting clients:  (1,33,7)  (2,10,1)  (3,13,6)  (4,21,7)  (5,18,6)  (6,36,1)  (7,14,6)  (8,7,1)  (9,20,7)  (10,38,7)  (11,17,7)  (12,27,2)  (13,15,7)  (14,6,2)  (15,12,3)  (16,5,4)  (17,34,4)  (18,23,6)  (19,18,4)  (20,24,3)  (21,36,6)  (22,11,1)  (23,9,1)  (24,29,6)  (25,7,4)  (26,15,2)  (27,34,5)  (28,21,6)  (29,37,4)  (30,18,6)  (31,30,5)  (32,19,7)  (33,26,5)  (34,13,5)  (35,19,3)  (36,27,6)  (37,32,5)  (38,19,5)  (39,13,7)  (40,7,5)  (41,29,6)  (42,36,3)  (43,18,2)  (44,21,1)  (45,35,2)  (46,31,2)  (47,13,3)  (48,26,1)  (49,22,4)  (50,35,4) 
Queue 1: closed
Queue 2: closed
Queue 3: closed
Queue 4: closed
Queue 5: closed
Time: 5
Waiting clients:  (1,33,7)  (2,10,1)  (3,13,6)  (4,21,7)  (5,18,6)  (6,36,1)  (7,14,6)  (8,7,1)  (9,20,7)  (10,38,7)  (11,17,7)  (12,27,2)  (13,15,7)  (14,6,2)  (15,12,3)  (17,34,4)  (18,23,6)  (19,18,4)  (20,24,3)  (21,36,6)  (22,11,1)  (23,9,1)  (24,29,6)  (25,7,4)  (26,15,2)  (27,34,5)  (28,21,6)  (29,37,4)  (30,18,6)  (31,30,5)  (32,19,7)  (33,26,5)  (34,13,5)  (35,19,3)  (36,27,6)  (37,32,5)  (38,19,5)  (39,13,7)  (40,7,5)  (41,29,6)  (42,36,3)  (43,18,2)  (44,21,1)  (45,35,2)  (46,31,2)  (47,13,3)  (48,26,1)  (49,22,4)  (50,35,4) 
Queue 1:  (16,5,4) 
Queue 2: closed
Queue 3: closed
Queue 4: closed
Queue 5: closed
Time: 6
Waiting clients:  (1,33,7)  (2,10,1)  (3,13,6)  (4,21,7)  (5,18,6)  (6,36,1)  (7,14,6)  (8,7,1)  (9,20,7)  (10,38,7)  (11,17,7)  (12,27,2)  (13,15,7)  (15,12,3)  (17,34,4)  (18,23,6)  (19,18,4)  (20,24,3)  (21,36,6)  (22,11,1)  (23,9,1)  (24,29,6)  (25,7,4)  (26,15,2)  (27,34,5)  (28,21,6)  (29,37,4)  (30,18,6)  (31,30,5)  (32,19,7)  (33,26,5)  (34,13,5)  (35,19,3)  (36,27,6)  (37,32,5)  (38,19,5)  (39,13,7)  (40,7,5)  (41,29,6)  (42,36,3)  (43,18,2)  (44,21,1)  (45,35,2)  (46,31,2)  (47,13,3)  (48,26,1)  (49,22,4)  (50,35,4) 
Queue 1:  (16,5,3) 
Queue 2:  (14,6,2) 
Queue 3: closed
Queue 4: closed
Queue 5: closed
Time: 7
Waiting clients:  (1,33,7)  (2,10,1)  (3,13,6)  (4,21,7)  (5,18,6)  (6,36,1)  (7,14,6)  (9,20,7)  (10,38,7)  (11,17,7)  (12,27,2)  (13,15,7)  (15,12,3)  (17,34,4)  (18,23,6)  (19,18,4)  (20,24,3)  (21,36,6)  (22,11,1)  (23,9,1)  (24,29,6)  (26,15,2)  (27,34,5)  (28,21,6)  (29,37,4)  (30,18,6)  (31,30,5)  (32,19,7)  (33,26,5)  (34,13,5)  (35,19,3)  (36,27,6)  (37,32,5)  (38,19,5)  (39,13,7)  (41,29,6)  (42,36,3)  (43,18,2)  (44,21,1)  (45,35,2)  (46,31,2)  (47,13,3)  (48,26,1)  (49,22,4)  (50,35,4) 
Queue 1:  (16,5,2) 
Queue 2:  (14,6,1) 
Queue 3:  (8,7,1) 
Queue 4:  (25,7,4) 
Queue 5:  (40,7,5) 
Time: 8
Waiting clients:  (1,33,7)  (2,10,1)  (3,13,6)  (4,21,7)  (5,18,6)  (6,36,1)  (7,14,6)  (9,20,7)  (10,38,7)  (11,17,7)  (12,27,2)  (13,15,7)  (15,12,3)  (17,34,4)  (18,23,6)  (19,18,4)  (20,24,3)  (21,36,6)  (22,11,1)  (23,9,1)  (24,29,6)  (26,15,2)  (27,34,5)  (28,21,6)  (29,37,4)  (30,18,6)  (31,30,5)  (32,19,7)  (33,26,5)  (34,13,5)  (35,19,3)  (36,27,6)  (37,32,5)  (38,19,5)  (39,13,7)  (41,29,6)  (42,36,3)  (43,18,2)  (44,21,1)  (45,35,2)  (46,31,2)  (47,13,3)  (48,26,1)  (49,22,4)  (50,35,4) 
Queue 1:  (16,5,1) 
Queue 2: closed
Queue 3: closed
Queue 4:  (25,7,3) 
Queue 5:  (40,7,4) 
Time: 9
Waiting clients:  (1,33,7)  (2,10,1)  (3,13,6)  (4,21,7)  (5,18,6)  (6,36,1)  (7,14,6)  (9,20,7)  (10,38,7)  (11,17,7)  (12,27,2)  (13,15,7)  (15,12,3)  (17,34,4)  (18,23,6)  (19,18,4)  (20,24,3)  (21,36,6)  (22,11,1)  (24,29,6)  (26,15,2)  (27,34,5)  (28,21,6)  (29,37,4)  (30,18,6)  (31,30,5)  (32,19,7)  (33,26,5)  (34,13,5)  (35,19,3)  (36,27,6)  (37,32,5)  (38,19,5)  (39,13,7)  (41,29,6)  (42,36,3)  (43,18,2)  (44,21,1)  (45,35,2)  (46,31,2)  (47,13,3)  (48,26,1)  (49,22,4)  (50,35,4) 
Queue 1:  (23,9,1) 
Queue 2: closed
Queue 3: closed
Queue 4:  (25,7,2) 
Queue 5:  (40,7,3) 
Time: 10
Waiting clients:  (1,33,7)  (3,13,6)  (4,21,7)  (5,18,6)  (6,36,1)  (7,14,6)  (9,20,7)  (10,38,7)  (11,17,7)  (12,27,2)  (13,15,7)  (15,12,3)  (17,34,4)  (18,23,6)  (19,18,4)  (20,24,3)  (21,36,6)  (22,11,1)  (24,29,6)  (26,15,2)  (27,34,5)  (28,21,6)  (29,37,4)  (30,18,6)  (31,30,5)  (32,19,7)  (33,26,5)  (34,13,5)  (35,19,3)  (36,27,6)  (37,32,5)  (38,19,5)  (39,13,7)  (41,29,6)  (42,36,3)  (43,18,2)  (44,21,1)  (45,35,2)  (46,31,2)  (47,13,3)  (48,26,1)  (49,22,4)  (50,35,4) 
Queue 1: closed
Queue 2:  (2,10,1) 
Queue 3: closed
Queue 4:  (25,7,1) 
Queue 5:  (40,7,2) 
Time: 11
Waiting clients:  (1,33,7)  (3,13,6)  (4,21,7)  (5,18,6)  (6,36,1)  (7,14,6)  (9,20,7)  (10,38,7)  (11,17,7)  (12,27,2)  (13,15,7)  (15,12,3)  (17,34,4)  (18,23,6)  (19,18,4)  (20,24,3)  (21,36,6)  (24,29,6)  (26,15,2)  (27,34,5)  (28,21,6)  (29,37,4)  (30,18,6)  (31,30,5)  (32,19,7)  (33,26,5)  (34,13,5)  (35,19,3)  (36,27,6)  (37,32,5)  (38,19,5)  (39,13,7)  (41,29,6)  (42,36,3)  (43,18,2)  (44,21,1)  (45,35,2)  (46,31,2)  (47,13,3)  (48,26,1)  (49,22,4)  (50,35,4) 
Queue 1:  (22,11,1) 
Queue 2: closed
Queue 3: closed
Queue 4: closed
Queue 5:  (40,7,1) 
Time: 12
Waiting clients:  (1,33,7)  (3,13,6)  (4,21,7)  (5,18,6)  (6,36,1)  (7,14,6)  (9,20,7)  (10,38,7)  (11,17,7)  (12,27,2)  (13,15,7)  (17,34,4)  (18,23,6)  (19,18,4)  (20,24,3)  (21,36,6)  (24,29,6)  (26,15,2)  (27,34,5)  (28,21,6)  (29,37,4)  (30,18,6)  (31,30,5)  (32,19,7)  (33,26,5)  (34,13,5)  (35,19,3)  (36,27,6)  (37,32,5)  (38,19,5)  (39,13,7)  (41,29,6)  (42,36,3)  (43,18,2)  (44,21,1)  (45,35,2)  (46,31,2)  (47,13,3)  (48,26,1)  (49,22,4)  (50,35,4) 
Queue 1: closed
Queue 2:  (15,12,3) 
Queue 3: closed
Queue 4: closed
Queue 5: closed
Time: 13
Waiting clients:  (1,33,7)  (4,21,7)  (5,18,6)  (6,36,1)  (7,14,6)  (9,20,7)  (10,38,7)  (11,17,7)  (12,27,2)  (13,15,7)  (17,34,4)  (18,23,6)  (19,18,4)  (20,24,3)  (21,36,6)  (24,29,6)  (26,15,2)  (27,34,5)  (28,21,6)  (29,37,4)  (30,18,6)  (31,30,5)  (32,19,7)  (33,26,5)  (35,19,3)  (36,27,6)  (37,32,5)  (38,19,5)  (41,29,6)  (42,36,3)  (43,18,2)  (44,21,1)  (45,35,2)  (46,31,2)  (48,26,1)  (49,22,4)  (50,35,4) 
Queue 1:  (3,13,6) 
Queue 2:  (15,12,2) 
Queue 3:  (34,13,5) 
Queue 4:  (39,13,7) 
Queue 5:  (47,13,3) 
Time: 14
Waiting clients:  (1,33,7)  (4,21,7)  (5,18,6)  (6,36,1)  (9,20,7)  (10,38,7)  (11,17,7)  (12,27,2)  (13,15,7)  (17,34,4)  (18,23,6)  (19,18,4)  (20,24,3)  (21,36,6)  (24,29,6)  (26,15,2)  (27,34,5)  (28,21,6)  (29,37,4)  (30,18,6)  (31,30,5)  (32,19,7)  (33,26,5)  (35,19,3)  (36,27,6)  (37,32,5)  (38,19,5)  (41,29,6)  (42,36,3)  (43,18,2)  (44,21,1)  (45,35,2)  (46,31,2)  (48,26,1)  (49,22,4)  (50,35,4) 
Queue 1:  (3,13,5) 
Queue 2:  (15,12,1)  (7,14,6) 
Queue 3:  (34,13,4) 
Queue 4:  (39,13,6) 
Queue 5:  (47,13,2) 
Time: 15
Waiting clients:  (1,33,7)  (4,21,7)  (5,18,6)  (6,36,1)  (9,20,7)  (10,38,7)  (11,17,7)  (12,27,2)  (17,34,4)  (18,23,6)  (19,18,4)  (20,24,3)  (21,36,6)  (24,29,6)  (27,34,5)  (28,21,6)  (29,37,4)  (30,18,6)  (31,30,5)  (32,19,7)  (33,26,5)  (35,19,3)  (36,27,6)  (37,32,5)  (38,19,5)  (41,29,6)  (42,36,3)  (43,18,2)  (44,21,1)  (45,35,2)  (46,31,2)  (48,26,1)  (49,22,4)  (50,35,4) 
Queue 1:  (3,13,4) 
Queue 2:  (7,14,6) 
Queue 3:  (34,13,3)  (26,15,2) 
Queue 4:  (39,13,5) 
Queue 5:  (47,13,1)  (13,15,7) 
Time: 16
Waiting clients:  (1,33,7)  (4,21,7)  (5,18,6)  (6,36,1)  (9,20,7)  (10,38,7)  (11,17,7)  (12,27,2)  (17,34,4)  (18,23,6)  (19,18,4)  (20,24,3)  (21,36,6)  (24,29,6)  (27,34,5)  (28,21,6)  (29,37,4)  (30,18,6)  (31,30,5)  (32,19,7)  (33,26,5)  (35,19,3)  (36,27,6)  (37,32,5)  (38,19,5)  (41,29,6)  (42,36,3)  (43,18,2)  (44,21,1)  (45,35,2)  (46,31,2)  (48,26,1)  (49,22,4)  (50,35,4) 
Queue 1:  (3,13,3) 
Queue 2:  (7,14,5) 
Queue 3:  (34,13,2)  (26,15,2) 
Queue 4:  (39,13,4) 
Queue 5:  (13,15,7) 
Time: 17
Waiting clients:  (1,33,7)  (4,21,7)  (5,18,6)  (6,36,1)  (9,20,7)  (10,38,7)  (12,27,2)  (17,34,4)  (18,23,6)  (19,18,4)  (20,24,3)  (21,36,6)  (24,29,6)  (27,34,5)  (28,21,6)  (29,37,4)  (30,18,6)  (31,30,5)  (32,19,7)  (33,26,5)  (35,19,3)  (36,27,6)  (37,32,5)  (38,19,5)  (41,29,6)  (42,36,3)  (43,18,2)  (44,21,1)  (45,35,2)  (46,31,2)  (48,26,1)  (49,22,4)  (50,35,4) 
Queue 1:  (3,13,2)  (11,17,7) 
Queue 2:  (7,14,4) 
Queue 3:  (34,13,1)  (26,15,2) 
Queue 4:  (39,13,3) 
Queue 5:  (13,15,6) 
Time: 18
Waiting clients:  (1,33,7)  (4,21,7)  (6,36,1)  (9,20,7)  (10,38,7)  (12,27,2)  (17,34,4)  (18,23,6)  (20,24,3)  (21,36,6)  (24,29,6)  (27,34,5)  (28,21,6)  (29,37,4)  (31,30,5)  (32,19,7)  (33,26,5)  (35,19,3)  (36,27,6)  (37,32,5)  (38,19,5)  (41,29,6)  (42,36,3)  (44,21,1)  (45,35,2)  (46,31,2)  (48,26,1)  (49,22,4)  (50,35,4) 
Queue 1:  (3,13,1)  (11,17,7) 
Queue 2:  (7,14,3)  (30,18,6) 
Queue 3:  (26,15,2)  (5,18,6) 
Queue 4:  (39,13,2)  (19,18,4) 
Queue 5:  (13,15,5)  (43,18,2) 
Time: 19
Waiting clients:  (1,33,7)  (4,21,7)  (6,36,1)  (9,20,7)  (10,38,7)  (12,27,2)  (17,34,4)  (18,23,6)  (20,24,3)  (21,36,6)  (24,29,6)  (27,34,5)  (28,21,6)  (29,37,4)  (31,30,5)  (33,26,5)  (36,27,6)  (37,32,5)  (41,29,6)  (42,36,3)  (44,21,1)  (45,35,2)  (46,31,2)  (48,26,1)  (49,22,4)  (50,35,4) 
Queue 1:  (11,17,7)  (38,19,5) 
Queue 2:  (7,14,2)  (30,18,6) 
Queue 3:  (26,15,1)  (5,18,6) 
Queue 4:  (39,13,1)  (19,18,4)  (32,19,7) 
Queue 5:  (13,15,4)  (43,18,2)  (35,19,3) 
Time: 20
Waiting clients:  (1,33,7)  (4,21,7)  (6,36,1)  (10,38,7)  (12,27,2)  (17,34,4)  (18,23,6)  (20,24,3)  (21,36,6)  (24,29,6)  (27,34,5)  (28,21,6)  (29,37,4)  (31,30,5)  (33,26,5)  (36,27,6)  (37,32,5)  (41,29,6)  (42,36,3)  (44,21,1)  (45,35,2)  (46,31,2)  (48,26,1)  (49,22,4)  (50,35,4) 
Queue 1:  (11,17,6)  (38,19,5) 
Queue 2:  (7,14,1)  (30,18,6) 
Queue 3:  (5,18,6)  (9,20,7) 
Queue 4:  (19,18,4)  (32,19,7) 
Queue 5:  (13,15,3)  (43,18,2)  (35,19,3) 
Time: 21
Waiting clients:  (1,33,7)  (6,36,1)  (10,38,7)  (12,27,2)  (17,34,4)  (18,23,6)  (20,24,3)  (21,36,6)  (24,29,6)  (27,34,5)  (29,37,4)  (31,30,5)  (33,26,5)  (36,27,6)  (37,32,5)  (41,29,6)  (42,36,3)  (45,35,2)  (46,31,2)  (48,26,1)  (49,22,4)  (50,35,4) 
Queue 1:  (11,17,5)  (38,19,5)  (44,21,1) 
Queue 2:  (30,18,6)  (4,21,7) 
Queue 3:  (5,18,5)  (9,20,7) 
Queue 4:  (19,18,3)  (32,19,7) 
Queue 5:  (13,15,2)  (43,18,2)  (35,19,3)  (28,21,6) 
Time: 22
Waiting clients:  (1,33,7)  (6,36,1)  (10,38,7)  (12,27,2)  (17,34,4)  (18,23,6)  (20,24,3)  (21,36,6)  (24,29,6)  (27,34,5)  (29,37,4)  (31,30,5)  (33,26,5)  (36,27,6)  (37,32,5)  (41,29,6)  (42,36,3)  (45,35,2)  (46,31,2)  (48,26,1)  (50,35,4) 
Queue 1:  (11,17,4)  (38,19,5)  (44,21,1) 
Queue 2:  (30,18,5)  (4,21,7) 
Queue 3:  (5,18,4)  (9,20,7) 
Queue 4:  (19,18,2)  (32,19,7)  (49,22,4) 
Queue 5:  (13,15,1)  (43,18,2)  (35,19,3)  (28,21,6) 
Time: 23
Waiting clients:  (1,33,7)  (6,36,1)  (10,38,7)  (12,27,2)  (17,34,4)  (20,24,3)  (21,36,6)  (24,29,6)  (27,34,5)  (29,37,4)  (31,30,5)  (33,26,5)  (36,27,6)  (37,32,5)  (41,29,6)  (42,36,3)  (45,35,2)  (46,31,2)  (48,26,1)  (50,35,4) 
Queue 1:  (11,17,3)  (38,19,5)  (44,21,1)  (18,23,6) 
Queue 2:  (30,18,4)  (4,21,7) 
Queue 3:  (5,18,3)  (9,20,7) 
Queue 4:  (19,18,1)  (32,19,7)  (49,22,4) 
Queue 5:  (43,18,2)  (35,19,3)  (28,21,6) 
Time: 24
Waiting clients:  (1,33,7)  (6,36,1)  (10,38,7)  (12,27,2)  (17,34,4)  (21,36,6)  (24,29,6)  (27,34,5)  (29,37,4)  (31,30,5)  (33,26,5)  (36,27,6)  (37,32,5)  (41,29,6)  (42,36,3)  (45,35,2)  (46,31,2)  (48,26,1)  (50,35,4) 
Queue 1:  (11,17,2)  (38,19,5)  (44,21,1)  (18,23,6) 
Queue 2:  (30,18,3)  (4,21,7) 
Queue 3:  (5,18,2)  (9,20,7)  (20,24,3) 
Queue 4:  (32,19,7)  (49,22,4) 
Queue 5:  (43,18,1)  (35,19,3)  (28,21,6) 
Time: 25
Waiting clients:  (1,33,7)  (6,36,1)  (10,38,7)  (12,27,2)  (17,34,4)  (21,36,6)  (24,29,6)  (27,34,5)  (29,37,4)  (31,30,5)  (33,26,5)  (36,27,6)  (37,32,5)  (41,29,6)  (42,36,3)  (45,35,2)  (46,31,2)  (48,26,1)  (50,35,4) 
Queue 1:  (11,17,1)  (38,19,5)  (44,21,1)  (18,23,6) 
Queue 2:  (30,18,2)  (4,21,7) 
Queue 3:  (5,18,1)  (9,20,7)  (20,24,3) 
Queue 4:  (32,19,6)  (49,22,4) 
Queue 5:  (35,19,3)  (28,21,6) 
Time: 26
Waiting clients:  (1,33,7)  (6,36,1)  (10,38,7)  (12,27,2)  (17,34,4)  (21,36,6)  (24,29,6)  (27,34,5)  (29,37,4)  (31,30,5)  (36,27,6)  (37,32,5)  (41,29,6)  (42,36,3)  (45,35,2)  (46,31,2)  (50,35,4) 
Queue 1:  (38,19,5)  (44,21,1)  (18,23,6) 
Queue 2:  (30,18,1)  (4,21,7)  (33,26,5) 
Queue 3:  (9,20,7)  (20,24,3) 
Queue 4:  (32,19,5)  (49,22,4) 
Queue 5:  (35,19,2)  (28,21,6)  (48,26,1) 
Time: 27
Waiting clients:  (1,33,7)  (6,36,1)  (10,38,7)  (17,34,4)  (21,36,6)  (24,29,6)  (27,34,5)  (29,37,4)  (31,30,5)  (37,32,5)  (41,29,6)  (42,36,3)  (45,35,2)  (46,31,2)  (50,35,4) 
Queue 1:  (38,19,4)  (44,21,1)  (18,23,6) 
Queue 2:  (4,21,7)  (33,26,5) 
Queue 3:  (9,20,6)  (20,24,3) 
Queue 4:  (32,19,4)  (49,22,4)  (12,27,2) 
Queue 5:  (35,19,1)  (28,21,6)  (48,26,1)  (36,27,6) 
Time: 28
Waiting clients:  (1,33,7)  (6,36,1)  (10,38,7)  (17,34,4)  (21,36,6)  (24,29,6)  (27,34,5)  (29,37,4)  (31,30,5)  (37,32,5)  (41,29,6)  (42,36,3)  (45,35,2)  (46,31,2)  (50,35,4) 
Queue 1:  (38,19,3)  (44,21,1)  (18,23,6) 
Queue 2:  (4,21,6)  (33,26,5) 
Queue 3:  (9,20,5)  (20,24,3) 
Queue 4:  (32,19,3)  (49,22,4)  (12,27,2) 
Queue 5:  (28,21,6)  (48,26,1)  (36,27,6) 
Time: 29
Waiting clients:  (1,33,7)  (6,36,1)  (10,38,7)  (17,34,4)  (21,36,6)  (27,34,5)  (29,37,4)  (31,30,5)  (37,32,5)  (42,36,3)  (45,35,2)  (46,31,2)  (50,35,4) 
Queue 1:  (38,19,2)  (44,21,1)  (18,23,6) 
Queue 2:  (4,21,5)  (33,26,5) 
Queue 3:  (9,20,4)  (20,24,3)  (24,29,6) 
Queue 4:  (32,19,2)  (49,22,4)  (12,27,2)  (41,29,6) 
Queue 5:  (28,21,5)  (48,26,1)  (36,27,6) 
Time: 30
Waiting clients:  (1,33,7)  (6,36,1)  (10,38,7)  (17,34,4)  (21,36,6)  (27,34,5)  (29,37,4)  (37,32,5)  (42,36,3)  (45,35,2)  (46,31,2)  (50,35,4) 
Queue 1:  (38,19,1)  (44,21,1)  (18,23,6)  (31,30,5) 
Queue 2:  (4,21,4)  (33,26,5) 
Queue 3:  (9,20,3)  (20,24,3)  (24,29,6) 
Queue 4:  (32,19,1)  (49,22,4)  (12,27,2)  (41,29,6) 
Queue 5:  (28,21,4)  (48,26,1)  (36,27,6) 
Time: 31
Waiting clients:  (1,33,7)  (6,36,1)  (10,38,7)  (17,34,4)  (21,36,6)  (27,34,5)  (29,37,4)  (37,32,5)  (42,36,3)  (45,35,2)  (50,35,4) 
Queue 1:  (44,21,1)  (18,23,6)  (31,30,5) 
Queue 2:  (4,21,3)  (33,26,5)  (46,31,2) 
Queue 3:  (9,20,2)  (20,24,3)  (24,29,6) 
Queue 4:  (49,22,4)  (12,27,2)  (41,29,6) 
Queue 5:  (28,21,3)  (48,26,1)  (36,27,6) 
Time: 32
Waiting clients:  (1,33,7)  (6,36,1)  (10,38,7)  (17,34,4)  (21,36,6)  (27,34,5)  (29,37,4)  (42,36,3)  (45,35,2)  (50,35,4) 
Queue 1:  (18,23,6)  (31,30,5) 
Queue 2:  (4,21,2)  (33,26,5)  (46,31,2)  (37,32,5) 
Queue 3:  (9,20,1)  (20,24,3)  (24,29,6) 
Queue 4:  (49,22,3)  (12,27,2)  (41,29,6) 
Queue 5:  (28,21,2)  (48,26,1)  (36,27,6) 
Time: 33
Waiting clients:  (6,36,1)  (10,38,7)  (17,34,4)  (21,36,6)  (27,34,5)  (29,37,4)  (42,36,3)  (45,35,2)  (50,35,4) 
Queue 1:  (18,23,5)  (31,30,5) 
Queue 2:  (4,21,1)  (33,26,5)  (46,31,2)  (37,32,5) 
Queue 3:  (20,24,3)  (24,29,6) 
Queue 4:  (49,22,2)  (12,27,2)  (41,29,6) 
Queue 5:  (28,21,1)  (48,26,1)  (36,27,6)  (1,33,7) 
Time: 34
Waiting clients:  (6,36,1)  (10,38,7)  (21,36,6)  (29,37,4)  (42,36,3)  (45,35,2)  (50,35,4) 
Queue 1:  (18,23,4)  (31,30,5)  (27,34,5) 
Queue 2:  (33,26,5)  (46,31,2)  (37,32,5) 
Queue 3:  (20,24,2)  (24,29,6)  (17,34,4) 
Queue 4:  (49,22,1)  (12,27,2)  (41,29,6) 
Queue 5:  (48,26,1)  (36,27,6)  (1,33,7) 
Time: 35
Waiting clients:  (6,36,1)  (10,38,7)  (21,36,6)  (29,37,4)  (42,36,3) 
Queue 1:  (18,23,3)  (31,30,5)  (27,34,5) 
Queue 2:  (33,26,4)  (46,31,2)  (37,32,5) 
Queue 3:  (20,24,1)  (24,29,6)  (17,34,4) 
Queue 4:  (12,27,2)  (41,29,6)  (45,35,2)  (50,35,4) 
Queue 5:  (36,27,6)  (1,33,7) 
Time: 36
Waiting clients:  (10,38,7)  (29,37,4) 
Queue 1:  (18,23,2)  (31,30,5)  (27,34,5) 
Queue 2:  (33,26,3)  (46,31,2)  (37,32,5)  (6,36,1)  (42,36,3) 
Queue 3:  (24,29,6)  (17,34,4)  (21,36,6) 
Queue 4:  (12,27,1)  (41,29,6)  (45,35,2)  (50,35,4) 
Queue 5:  (36,27,5)  (1,33,7) 
Time: 37
Waiting clients:  (10,38,7) 
Queue 1:  (18,23,1)  (31,30,5)  (27,34,5)  (29,37,4) 
Queue 2:  (33,26,2)  (46,31,2)  (37,32,5)  (6,36,1)  (42,36,3) 
Queue 3:  (24,29,5)  (17,34,4)  (21,36,6) 
Queue 4:  (41,29,6)  (45,35,2)  (50,35,4) 
Queue 5:  (36,27,4)  (1,33,7) 
Time: 38
Waiting clients: 
Queue 1:  (31,30,5)  (27,34,5)  (29,37,4) 
Queue 2:  (33,26,1)  (46,31,2)  (37,32,5)  (6,36,1)  (42,36,3) 
Queue 3:  (24,29,4)  (17,34,4)  (21,36,6) 
Queue 4:  (41,29,5)  (45,35,2)  (50,35,4) 
Queue 5:  (36,27,3)  (1,33,7)  (10,38,7) 
Time: 39
Waiting clients: 
Queue 1:  (31,30,4)  (27,34,5)  (29,37,4) 
Queue 2:  (46,31,2)  (37,32,5)  (6,36,1)  (42,36,3) 
Queue 3:  (24,29,3)  (17,34,4)  (21,36,6) 
Queue 4:  (41,29,4)  (45,35,2)  (50,35,4) 
Queue 5:  (36,27,2)  (1,33,7)  (10,38,7) 
Time: 40
Waiting clients: 
Queue 1:  (31,30,3)  (27,34,5)  (29,37,4) 
Queue 2:  (46,31,1)  (37,32,5)  (6,36,1)  (42,36,3) 
Queue 3:  (24,29,2)  (17,34,4)  (21,36,6) 
Queue 4:  (41,29,3)  (45,35,2)  (50,35,4) 
Queue 5:  (36,27,1)  (1,33,7)  (10,38,7) 
Time: 41
Waiting clients: 
Queue 1:  (31,30,2)  (27,34,5)  (29,37,4) 
Queue 2:  (37,32,5)  (6,36,1)  (42,36,3) 
Queue 3:  (24,29,1)  (17,34,4)  (21,36,6) 
Queue 4:  (41,29,2)  (45,35,2)  (50,35,4) 
Queue 5:  (1,33,7)  (10,38,7) 
Time: 42
Waiting clients: 
Queue 1:  (31,30,1)  (27,34,5)  (29,37,4) 
Queue 2:  (37,32,4)  (6,36,1)  (42,36,3) 
Queue 3:  (17,34,4)  (21,36,6) 
Queue 4:  (41,29,1)  (45,35,2)  (50,35,4) 
Queue 5:  (1,33,6)  (10,38,7) 
Time: 43
Waiting clients: 
Queue 1:  (27,34,5)  (29,37,4) 
Queue 2:  (37,32,3)  (6,36,1)  (42,36,3) 
Queue 3:  (17,34,3)  (21,36,6) 
Queue 4:  (45,35,2)  (50,35,4) 
Queue 5:  (1,33,5)  (10,38,7) 
Time: 44
Waiting clients: 
Queue 1:  (27,34,4)  (29,37,4) 
Queue 2:  (37,32,2)  (6,36,1)  (42,36,3) 
Queue 3:  (17,34,2)  (21,36,6) 
Queue 4:  (45,35,1)  (50,35,4) 
Queue 5:  (1,33,4)  (10,38,7) 
Time: 45
Waiting clients: 
Queue 1:  (27,34,3)  (29,37,4) 
Queue 2:  (37,32,1)  (6,36,1)  (42,36,3) 
Queue 3:  (17,34,1)  (21,36,6) 
Queue 4:  (50,35,4) 
Queue 5:  (1,33,3)  (10,38,7) 
Time: 46
Waiting clients: 
Queue 1:  (27,34,2)  (29,37,4) 
Queue 2:  (6,36,1)  (42,36,3) 
Queue 3:  (21,36,6) 
Queue 4:  (50,35,3) 
Queue 5:  (1,33,2)  (10,38,7) 
Time: 47
Waiting clients: 
Queue 1:  (27,34,1)  (29,37,4) 
Queue 2:  (42,36,3) 
Queue 3:  (21,36,5) 
Queue 4:  (50,35,2) 
Queue 5:  (1,33,1)  (10,38,7) 
Time: 48
Waiting clients: 
Queue 1:  (29,37,4) 
Queue 2:  (42,36,2) 
Queue 3:  (21,36,4) 
Queue 4:  (50,35,1) 
Queue 5:  (10,38,7) 
Time: 49
Waiting clients: 
Queue 1:  (29,37,3) 
Queue 2:  (42,36,1) 
Queue 3:  (21,36,3) 
Queue 4: closed
Queue 5:  (10,38,6) 
Time: 50
Waiting clients: 
Queue 1:  (29,37,2) 
Queue 2: closed
Queue 3:  (21,36,2) 
Queue 4: closed
Queue 5:  (10,38,5) 
Time: 51
Waiting clients: 
Queue 1:  (29,37,1) 
Queue 2: closed
Queue 3:  (21,36,1) 
Queue 4: closed
Queue 5:  (10,38,4) 
Time: 52
Waiting clients: 
Queue 1: closed
Queue 2: closed
Queue 3: closed
Queue 4: closed
Queue 5:  (10,38,3) 
Time: 53
Waiting clients: 
Queue 1: closed
Queue 2: closed
Queue 3: closed
Queue 4: closed
Queue 5:  (10,38,2) 
Time: 54
Waiting clients: 
Queue 1: closed
Queue 2: closed
Queue 3: closed
Queue 4: closed
Queue 5:  (10,38,1) 
Time: 55
Waiting clients: 
Queue 1: closed
Queue 2: closed
Queue 3: closed
Queue 4: closed
Queue 5: closed
Average waiting time: 3.79
Average service time: 4.26
Peak hour: 36
